891031
8767583788
863998
579661
3646447974
221033
829648
022786
183913
027342
1445763775
281152
412430
535723
029894
799659
502542
587269
656702
381598
411136
561455
409133
108341
157234
731763
094054
173872
617164
618481
204684
290883
711066
816631
720286
352447
315487
239296
438702
664659
758281
313017
879282
871825
097286
707166
416763
650987
071012
001300
846630
409231
293302
183097
711499
024116
792027
285606
281239
027128
759478
672404
553278
163098
917434
160777
841736
328234
658790
537894
664891
542013
245506
443715
787767
782653
941359
086386
707685
814765
545754
045636
202103
053875
615932
720297
488819
826228
638573
965935
268118
110245
089938
298162
102763
670180
4205397450
600670
898572
864692
